# Icosahedron

v 0.0 0.0 1.0
v 0.894427 0.0 0.447214
v 0.276393 0.850651 0.447214
v -0.723607 0.525731 0.447214
v -0.723607 -0.525731 0.447214
v 0.276393 -0.850651 0.447214
v 0.723607 0.525731 -0.447214
v -0.276393 0.850651 -0.447214
v -0.894427 0.0 -0.447214
v -0.276393 -0.850651 -0.447214
v 0.723607 -0.525731 -0.447214
v 0.0 0.0 -1.0

f 1 2 3
f 1 3 4
f 1 4 5
f 1 5 6
f 1 6 2
f 2 7 3
f 3 8 4
f 4 9 5
f 5 10 6
f 6 11 2
f 7 8 3
f 8 9 4
f 9 10 5
f 10 11 6
f 11 7 2
f 7 12 8
f 8 12 9
f 9 12 10
f 10 12 11
f 11 12 7
